617.75   533.27   365.85   585.79 165.69
824.37   383.7 789.61   921.73    307.63
992.25 204.95 656.28  912.31 109.29
820.44    398.74   65.34 699.21   348.1
403.59  801.61    800.07 663.75    832.51
594.46    460.93   957.56  795.72    313.73
690.54  915.1 457.16 264.86    200.98
67.3 525.44  618.67 577.3   43.88
407.47  652.92  619.75 675.6 635.0
197.02    284.93   452.33   916.53  798.24
314.28  795.41  610.79  432.17 790.43
549.61 776.0  555.41  645.76 848.43
213.65    974.46 529.08  528.45  775.32
50.43  494.66    736.5 455.19    898.79
804.99    487.59  752.18  728.87  352.61
558.38   568.98 257.29  66.79   130.49
58.9  170.12   819.98    191.87  952.67
833.53    877.58    554.54    427.06 606.39
881.14 931.02   429.94   741.08 155.56
633.92  347.3    68.41    352.42   676.86
600.96   717.38  191.52 484.07 613.17
552.82 159.73    711.4  842.68 392.95
194.53 762.73 624.9   417.53  159.09
469.21    697.65   321.67  30.24 599.95
641.31 306.94  942.98  546.12   780.8
874.0 225.09 305.28    440.07 379.06
636.55    144.07 820.35   762.59   236.71
813.11   85.83   694.04  342.5  841.26
275.21    527.16 594.19 388.76    139.54
858.84  504.28   378.78   639.49  113.68
243.03  52.25 790.81   212.47 534.97
928.93   579.97  102.96   856.43  950.26
505.82   590.96    644.23    641.1 496.27
15.84  148.13   977.79  915.2   649.3
615.27 930.49   735.19   20.86 790.73
162.32 751.82 647.78 710.86   799.22
460.96   805.19   673.23    752.34    25.06
426.28   792.22   102.46   169.9   717.75
907.59  630.21  858.88  156.92 196.85
78.29 550.04 912.03   577.48 245.53
914.34   58.87    227.42   788.1    328.3
551.6   473.08  194.17 73.77    848.24
661.34    360.9   580.3 27.69 937.11
679.1   952.14    59.2    550.21  115.07
652.04   398.25 278.34  562.17  287.06
689.52    7.03  851.42  299.39  371.58
767.35    322.41   756.09  56.57    759.47
53.6 761.84    800.9    623.17  397.19
173.73 496.74   674.67   183.76  73.48
189.08    966.36  639.69   784.46   157.97
222.07 602.96  80.43 223.51   186.05
20.37   959.81 522.93  756.36    104.29
924.4  321.4    51.7  709.56   490.58
827.3 325.75 777.19    584.49    330.57
698.64   103.49   538.53 696.8 61.92
689.39  398.3 38.43    398.99    980.3
40.88    614.61    434.03   456.48 992.04
597.13   614.71   561.51    956.44 89.51
982.41  673.53  771.81 745.49 32.3
146.15 228.07   620.81   163.8   201.35
822.88   386.42    338.83   373.37 215.85
824.29   877.89   268.73 540.99    85.78
928.81  484.37 151.27 108.54  204.79
899.65    704.48    163.12 43.72 2.27
237.26    351.72  309.92  656.69   730.71
422.27 525.1    923.12 730.5    403.67
199.6   185.06   832.47 713.35  943.15
530.32    661.92   56.79   919.87    100.43
555.95    286.36  875.54  915.07    254.59
320.6    688.76   642.25 541.02 588.91
535.96  34.54   322.6 832.85  934.94
428.21    886.55 643.42   566.92    169.24
375.63   517.4   21.03  73.67  189.6
694.7 383.62 310.37  794.22    489.52
613.01 407.79  452.91 715.95    127.72
378.57   388.13 76.24    330.74 251.65
567.77 712.23 250.48    100.4    185.69
348.02 412.9  511.6   655.01  504.27
698.89 932.22   668.9    551.06   776.02
302.95 385.1  388.12 513.48 767.21
102.34  934.85  234.41   153.24    700.32
708.39    735.28  946.52 55.42 621.35
45.83  954.7   615.36  572.39    873.24
774.85  616.76   343.38  297.45 710.77
937.71    917.4    965.12    395.02    761.2
714.37 31.69   614.21    866.87    910.34
437.15   399.3 447.23   632.99 233.59
706.48    517.66 402.8 750.83 588.32
255.96   176.82   1.6   638.05   313.57
27.56 285.78   222.54  477.41  110.39
49.39 13.42 232.42   618.09 580.39
282.32    438.47   521.34    26.47 670.05
314.32    461.23   597.17 580.05    836.13
626.69 806.41  926.85  636.59 542.83
479.37    732.85   276.06 575.85 885.34
533.01    308.07  396.25  465.61  999.51
527.22 434.79 145.28 681.67    991.06
616.47 343.44    846.75  773.15 936.04
227.39   265.14    627.68 910.48 846.3
107.54    311.69  629.37   559.69  111.39
690.43  901.51   192.45  787.16   583.79
411.6   998.49   874.47   871.63    949.59
35.13    17.04 679.81   568.94 10.99
562.23    840.44    521.96  50.44   67.65
516.68   832.28    132.36   997.64   538.08
977.02 271.38   540.61 981.95 256.55
104.89  285.7   949.89 32.21  202.96
756.94   280.64  276.73   878.59   126.21
149.35  883.37 96.74  140.51 721.22
267.68 76.17  628.29   964.47   408.85
429.38    429.8   893.77  871.02    275.71
307.55    871.64    264.54    910.59 379.47
620.87   868.35  525.2   860.14 182.31
506.31 332.11    992.49 851.38 987.74
457.11    432.55 280.69    675.45    941.11
131.58    286.89   787.03    639.77 611.12
485.17    77.18 547.42   141.85    310.01
297.54    940.17    169.17   797.98  378.86
559.46  184.86  632.25    241.84 858.06
535.08 15.4 371.43    871.42    860.84
640.53    334.1    625.5  585.41   231.44
743.26  970.63 257.01    204.46   679.62
679.07   864.63    662.79  658.64    49.13
632.18 676.26 25.5  517.63   770.37
887.05 716.56    628.61 90.75 925.47
508.1  973.61 499.62    714.97    919.34
556.16    410.73    232.54  245.69  939.92
534.16  987.55 186.84  490.66 877.12
861.21    710.47    110.47 573.48  396.54
36.25    275.14  418.74   801.65   674.25
743.13 473.64 622.47   518.84 449.98
339.08 407.46  714.87   382.6  469.73
68.89   911.15  265.62 476.28 509.47
47.94    452.7 883.23 108.82 527.09
95.02    908.34 623.46   476.13    772.6
964.85  899.16  691.37 451.67    324.32
323.38 285.54   548.48  319.88  226.4
794.25    31.19   129.16 354.65   585.0
270.72  351.71  261.58  895.05    823.48
142.91  175.83    261.45 232.73  426.1
979.79 19.64    951.01 922.72  435.0
351.13   634.58    409.94   335.26 550.65
196.78 726.24 181.99 322.62    111.63
96.78    410.6 657.75  88.71    990.51
318.49   35.25 244.47    739.27 212.94
917.3 678.22    386.64   243.48  221.71
922.32  620.68  742.43 303.44  791.93
826.52 324.38  86.3   37.89  65.48
411.01 445.23 637.98   636.98   511.67
112.16   628.74 873.92  365.25 165.07
448.99   455.97  708.45  9.44 2.11
827.11  233.21    813.24 606.98    877.19
30.09    137.61    757.4    83.48  148.22
851.06 863.33 437.33 408.98 358.13
891.84  89.52   783.58 893.59    132.28
222.12    248.34 36.83 694.55   710.07
817.44    899.85 684.29  243.82   811.12
211.76  51.28   776.13   312.89   707.59
937.09 884.28 929.59   28.95 600.61
437.84   319.54   96.68    802.42   287.8
75.29 283.84 828.21    271.91 629.63
275.19 39.94   882.92   861.05  989.44
202.03 838.19   689.02 116.44    627.68
913.59  259.29 257.75 179.14   691.78
713.96  835.89  201.6   554.62   492.14
873.75  80.38    103.19  434.47    54.22
532.5   71.47 367.38    5.17   895.06
59.16    584.49   388.12  225.78   428.19
650.52  259.03  535.87 318.73  463.22
176.25   878.29 754.85 143.8    444.56
226.27    982.66  546.44 118.14    32.81
738.11   137.23    871.74   801.94   561.23
509.12 115.77    227.7   448.48    750.33
935.1  734.4 851.02    379.81 183.49
861.56  678.18    598.47  143.37 368.57
793.93 212.87 199.55  136.16  741.93
653.16    937.22  430.62   69.39  962.03
922.07    238.17   656.19  275.21 403.7
213.73   860.2  221.2  956.33  995.31
216.94    767.36 66.46    208.69    826.57
634.25   460.26  855.66 23.11    602.16
926.99    272.85 437.2   986.14    846.86
950.33   237.5   819.02 973.0 127.02
520.36  847.69    578.69 739.18 661.41
722.0  493.28    803.57 794.51 352.6
263.83  595.12   269.36 675.62    912.02
505.4  834.51   621.6   707.58    610.48
388.34    138.76  68.0    651.92 106.96
239.05   809.33 577.88   422.39   357.06
170.94   601.09 206.8   761.46 309.42
300.77  351.76    845.73 37.75 957.57
66.98   736.29 800.43   286.78 240.53
257.8  215.63   679.41 593.39   532.75
306.88    963.66 694.85   943.16   106.84
992.47  394.31    512.72   389.54   760.81
455.95   883.68    748.52 680.48 43.94
351.72   214.86   672.14    448.68    131.76
903.73   856.4    664.32  160.04 411.25
557.31    995.31  998.62    770.37 476.7
470.95   178.02    530.74  967.58 142.08
